res_8: 1.3536902966
M_8: [ -2.31105804e+00  -1.39178842e-01   4.26939636e-01   7.36475220e+02
  -2.28926316e-01  -4.88470286e-01   2.11244798e+00   1.55038681e+02
  -1.24766049e-03  -2.09457008e-03   6.31067087e-04   1.00000000e+00]
res_12: 0.911213088074
M_12: [ -2.33600283e+00  -1.06494717e-01   3.29283953e-01   7.36870972e+02
  -2.30654180e-01  -4.78206903e-01   2.08755016e+00   1.53086441e+02
  -1.26296433e-03  -2.06734939e-03   5.01162140e-04   1.00000000e+00]
res_16: 1.38707557701
M_16: [ -2.33441877e+00  -1.08505897e-01   3.32800418e-01   7.36911560e+02
  -2.31638461e-01  -4.79242682e-01   2.08558893e+00   1.53775177e+02
  -1.26599404e-03  -2.06512632e-03   5.10519778e-04   1.00000000e+00]
