 1.5706   -0.1490    0.2598
-1.5282    0.9695    0.3802
-0.6821    1.2856    0.4078
 0.4124   -1.0201   -0.0915
 1.2095    0.2812   -0.1280
 0.8819   -0.8481    0.5255
-0.9442   -1.1583   -0.3759
 0.0415    1.3445    0.3240
-0.7975    0.3017   -0.0826
-0.4329   -1.4151   -0.2774
-1.1475   -0.0772   -0.2667
-0.5149   -1.1784   -0.1401
 0.1993   -0.2854   -0.2114
-0.4320    0.2143   -0.1053
-0.7481   -0.3840   -0.2408
 0.8078   -0.1196   -0.2631
-0.7605   -0.5792   -0.1936
 0.3237    0.7970    0.2170
 1.3089    0.5786   -0.1887
 1.2323    1.4421    0.4506
